agency_id,fare_id,price,currency_type,payment_method
0,0,2.50,PEN,0
1,1,2.50,PEN,0
2,2,2.50,PEN,0
1,3,2.50,PEN,0
3,4,2.50,PEN,0
4,5,2.50,PEN,0
4,6,2.50,PEN,0
5,7,2.50,PEN,0
6,8,2.50,PEN,0
7,9,2.50,PEN,0
4,10,2.50,PEN,0
8,11,2.50,PEN,0
9,12,2.50,PEN,0
5,13,2.50,PEN,0
5,14,2.50,PEN,0
5,15,2.50,PEN,0
10,16,2.50,PEN,0
10,17,2.50,PEN,0
0,18,2.50,PEN,0
11,19,2.50,PEN,0
12,20,2.50,PEN,0
6,21,2.50,PEN,0
13,22,2.50,PEN,0
14,23,2.50,PEN,0
15,24,2.50,PEN,0
16,25,2.50,PEN,0
15,26,2.50,PEN,0
16,27,2.50,PEN,0
16,28,2.50,PEN,0
17,29,2.50,PEN,0
18,30,2.50,PEN,0
18,31,2.50,PEN,0
5,32,2.50,PEN,0
19,33,2.50,PEN,0
20,34,2.50,PEN,0
7,35,2.50,PEN,0
21,36,2.50,PEN,0
22,37,2.50,PEN,0
23,38,2.50,PEN,0
24,39,2.50,PEN,0
23,40,2.50,PEN,0
25,41,2.50,PEN,0
25,42,2.50,PEN,0
26,43,2.50,PEN,0
26,44,2.50,PEN,0
22,45,2.50,PEN,0
25,46,2.50,PEN,0
25,47,2.50,PEN,0
24,48,2.50,PEN,0
24,49,2.50,PEN,0
2,50,2.50,PEN,0
2,51,2.50,PEN,0
2,52,2.50,PEN,0
2,53,2.50,PEN,0
27,54,2.50,PEN,0
27,55,2.50,PEN,0
27,56,2.50,PEN,0
28,57,2.50,PEN,0
28,58,2.50,PEN,0
28,59,2.50,PEN,0
29,60,2.50,PEN,0
29,61,2.50,PEN,0
7,62,2.50,PEN,0
7,63,2.50,PEN,0
2,64,2.50,PEN,0
30,65,2.50,PEN,0
31,66,2.50,PEN,0
32,67,2.50,PEN,0
33,68,2.50,PEN,0
34,69,2.50,PEN,0
35,70,2.50,PEN,0
36,71,2.50,PEN,0
37,72,2.50,PEN,0
38,73,2.50,PEN,0
39,74,2.50,PEN,0
40,75,2.50,PEN,0
41,76,2.50,PEN,0
42,77,2.50,PEN,0
42,78,2.50,PEN,0
42,79,2.50,PEN,0
43,80,2.50,PEN,0
34,81,2.50,PEN,0
44,82,2.50,PEN,0
45,83,2.50,PEN,0
46,84,2.50,PEN,0
47,85,2.50,PEN,0
48,86,2.50,PEN,0
39,87,2.50,PEN,0
49,88,2.50,PEN,0
50,89,2.50,PEN,0
3,90,2.50,PEN,0
51,91,2.50,PEN,0
40,92,2.50,PEN,0
52,93,2.50,PEN,0
53,94,2.50,PEN,0
42,95,2.50,PEN,0
54,96,2.50,PEN,0
34,97,2.50,PEN,0
54,98,2.50,PEN,0
34,99,2.50,PEN,0
26,100,2.50,PEN,0
55,101,2.50,PEN,0
